{
 "cells": [
  {
   "cell_type": "code",
   "execution_count": 1,
   "metadata": {},
   "outputs": [],
   "source": [
    "import pandas as pd\n",
    "import mytools\n",
    "from scipy import stats\n",
    "\n"
   ]
  },
  {
   "cell_type": "code",
   "execution_count": 2,
   "metadata": {},
   "outputs": [
    {
     "data": {
      "text/html": [
       "<div>\n",
       "<style scoped>\n",
       "    .dataframe tbody tr th:only-of-type {\n",
       "        vertical-align: middle;\n",
       "    }\n",
       "\n",
       "    .dataframe tbody tr th {\n",
       "        vertical-align: top;\n",
       "    }\n",
       "\n",
       "    .dataframe thead th {\n",
       "        text-align: right;\n",
       "    }\n",
       "</style>\n",
       "<table border=\"1\" class=\"dataframe\">\n",
       "  <thead>\n",
       "    <tr style=\"text-align: right;\">\n",
       "      <th></th>\n",
       "      <th>年级</th>\n",
       "      <th>预科</th>\n",
       "      <th>大一</th>\n",
       "      <th>大二</th>\n",
       "      <th>大三</th>\n",
       "      <th>大四</th>\n",
       "      <th>All</th>\n",
       "    </tr>\n",
       "    <tr>\n",
       "      <th>政治面貌</th>\n",
       "      <th>世博会</th>\n",
       "      <th></th>\n",
       "      <th></th>\n",
       "      <th></th>\n",
       "      <th></th>\n",
       "      <th></th>\n",
       "      <th></th>\n",
       "    </tr>\n",
       "  </thead>\n",
       "  <tbody>\n",
       "    <tr>\n",
       "      <th rowspan=\"4\" valign=\"top\">团员</th>\n",
       "      <th>没感觉</th>\n",
       "      <td>0.001284</td>\n",
       "      <td>0.008986</td>\n",
       "      <td>0.007702</td>\n",
       "      <td>0.003851</td>\n",
       "      <td>0.001284</td>\n",
       "      <td>0.023107</td>\n",
       "    </tr>\n",
       "    <tr>\n",
       "      <th>一般</th>\n",
       "      <td>0.005135</td>\n",
       "      <td>0.038511</td>\n",
       "      <td>0.024390</td>\n",
       "      <td>0.017972</td>\n",
       "      <td>0.010270</td>\n",
       "      <td>0.096277</td>\n",
       "    </tr>\n",
       "    <tr>\n",
       "      <th>比较好</th>\n",
       "      <td>0.005135</td>\n",
       "      <td>0.053915</td>\n",
       "      <td>0.064185</td>\n",
       "      <td>0.028241</td>\n",
       "      <td>0.016688</td>\n",
       "      <td>0.168164</td>\n",
       "    </tr>\n",
       "    <tr>\n",
       "      <th>感到自豪</th>\n",
       "      <td>0.003851</td>\n",
       "      <td>0.189987</td>\n",
       "      <td>0.148909</td>\n",
       "      <td>0.061617</td>\n",
       "      <td>0.044929</td>\n",
       "      <td>0.449294</td>\n",
       "    </tr>\n",
       "    <tr>\n",
       "      <th rowspan=\"4\" valign=\"top\">党员</th>\n",
       "      <th>没感觉</th>\n",
       "      <td>0.000000</td>\n",
       "      <td>0.000000</td>\n",
       "      <td>0.001284</td>\n",
       "      <td>0.002567</td>\n",
       "      <td>0.000000</td>\n",
       "      <td>0.003851</td>\n",
       "    </tr>\n",
       "    <tr>\n",
       "      <th>一般</th>\n",
       "      <td>0.000000</td>\n",
       "      <td>0.000000</td>\n",
       "      <td>0.008986</td>\n",
       "      <td>0.012837</td>\n",
       "      <td>0.002567</td>\n",
       "      <td>0.024390</td>\n",
       "    </tr>\n",
       "    <tr>\n",
       "      <th>比较好</th>\n",
       "      <td>0.000000</td>\n",
       "      <td>0.008986</td>\n",
       "      <td>0.014121</td>\n",
       "      <td>0.017972</td>\n",
       "      <td>0.014121</td>\n",
       "      <td>0.055199</td>\n",
       "    </tr>\n",
       "    <tr>\n",
       "      <th>感到自豪</th>\n",
       "      <td>0.000000</td>\n",
       "      <td>0.006418</td>\n",
       "      <td>0.010270</td>\n",
       "      <td>0.023107</td>\n",
       "      <td>0.008986</td>\n",
       "      <td>0.048780</td>\n",
       "    </tr>\n",
       "    <tr>\n",
       "      <th rowspan=\"3\" valign=\"top\">群众</th>\n",
       "      <th>一般</th>\n",
       "      <td>0.000000</td>\n",
       "      <td>0.003851</td>\n",
       "      <td>0.003851</td>\n",
       "      <td>0.010270</td>\n",
       "      <td>0.005135</td>\n",
       "      <td>0.023107</td>\n",
       "    </tr>\n",
       "    <tr>\n",
       "      <th>比较好</th>\n",
       "      <td>0.001284</td>\n",
       "      <td>0.014121</td>\n",
       "      <td>0.015404</td>\n",
       "      <td>0.010270</td>\n",
       "      <td>0.001284</td>\n",
       "      <td>0.042362</td>\n",
       "    </tr>\n",
       "    <tr>\n",
       "      <th>感到自豪</th>\n",
       "      <td>0.000000</td>\n",
       "      <td>0.015404</td>\n",
       "      <td>0.014121</td>\n",
       "      <td>0.007702</td>\n",
       "      <td>0.007702</td>\n",
       "      <td>0.044929</td>\n",
       "    </tr>\n",
       "    <tr>\n",
       "      <th rowspan=\"3\" valign=\"top\">其他</th>\n",
       "      <th>一般</th>\n",
       "      <td>0.000000</td>\n",
       "      <td>0.000000</td>\n",
       "      <td>0.002567</td>\n",
       "      <td>0.002567</td>\n",
       "      <td>0.000000</td>\n",
       "      <td>0.005135</td>\n",
       "    </tr>\n",
       "    <tr>\n",
       "      <th>比较好</th>\n",
       "      <td>0.000000</td>\n",
       "      <td>0.001284</td>\n",
       "      <td>0.001284</td>\n",
       "      <td>0.000000</td>\n",
       "      <td>0.000000</td>\n",
       "      <td>0.002567</td>\n",
       "    </tr>\n",
       "    <tr>\n",
       "      <th>感到自豪</th>\n",
       "      <td>0.000000</td>\n",
       "      <td>0.002567</td>\n",
       "      <td>0.002567</td>\n",
       "      <td>0.007702</td>\n",
       "      <td>0.000000</td>\n",
       "      <td>0.012837</td>\n",
       "    </tr>\n",
       "    <tr>\n",
       "      <th>All</th>\n",
       "      <th></th>\n",
       "      <td>0.016688</td>\n",
       "      <td>0.344031</td>\n",
       "      <td>0.319641</td>\n",
       "      <td>0.206675</td>\n",
       "      <td>0.112965</td>\n",
       "      <td>1.000000</td>\n",
       "    </tr>\n",
       "  </tbody>\n",
       "</table>\n",
       "</div>"
      ],
      "text/plain": [
       "年级               预科        大一        大二        大三        大四       All\n",
       "政治面貌 世博会                                                             \n",
       "团员   没感觉   0.001284  0.008986  0.007702  0.003851  0.001284  0.023107\n",
       "     一般    0.005135  0.038511  0.024390  0.017972  0.010270  0.096277\n",
       "     比较好   0.005135  0.053915  0.064185  0.028241  0.016688  0.168164\n",
       "     感到自豪  0.003851  0.189987  0.148909  0.061617  0.044929  0.449294\n",
       "党员   没感觉   0.000000  0.000000  0.001284  0.002567  0.000000  0.003851\n",
       "     一般    0.000000  0.000000  0.008986  0.012837  0.002567  0.024390\n",
       "     比较好   0.000000  0.008986  0.014121  0.017972  0.014121  0.055199\n",
       "     感到自豪  0.000000  0.006418  0.010270  0.023107  0.008986  0.048780\n",
       "群众   一般    0.000000  0.003851  0.003851  0.010270  0.005135  0.023107\n",
       "     比较好   0.001284  0.014121  0.015404  0.010270  0.001284  0.042362\n",
       "     感到自豪  0.000000  0.015404  0.014121  0.007702  0.007702  0.044929\n",
       "其他   一般    0.000000  0.000000  0.002567  0.002567  0.000000  0.005135\n",
       "     比较好   0.000000  0.001284  0.001284  0.000000  0.000000  0.002567\n",
       "     感到自豪  0.000000  0.002567  0.002567  0.007702  0.000000  0.012837\n",
       "All        0.016688  0.344031  0.319641  0.206675  0.112965  1.000000"
      ]
     },
     "execution_count": 2,
     "metadata": {},
     "output_type": "execute_result"
    }
   ],
   "source": [
    "认同数据表 = mytools.读取SPSS数据文件(R'data\\国家认同数据清理后.sav')\n",
    "\n",
    "cross_tab = pd.crosstab(index=[认同数据表['政治面貌'], 认同数据表['世博会']], \n",
    "                        columns=认同数据表['年级'], \n",
    "                        margins=True, normalize=True)  \n",
    "\n",
    "cross_tab\n"
   ]
  },
  {
   "cell_type": "code",
   "execution_count": 3,
   "metadata": {},
   "outputs": [
    {
     "name": "stdout",
     "output_type": "stream",
     "text": [
      "0.07503385205662269 0.9999999999999999\n"
     ]
    },
    {
     "data": {
      "text/html": [
       "<div>\n",
       "<style scoped>\n",
       "    .dataframe tbody tr th:only-of-type {\n",
       "        vertical-align: middle;\n",
       "    }\n",
       "\n",
       "    .dataframe tbody tr th {\n",
       "        vertical-align: top;\n",
       "    }\n",
       "\n",
       "    .dataframe thead th {\n",
       "        text-align: right;\n",
       "    }\n",
       "</style>\n",
       "<table border=\"1\" class=\"dataframe\">\n",
       "  <thead>\n",
       "    <tr style=\"text-align: right;\">\n",
       "      <th>世博会</th>\n",
       "      <th>没感觉</th>\n",
       "      <th>一般</th>\n",
       "      <th>比较好</th>\n",
       "      <th>感到自豪</th>\n",
       "      <th>All</th>\n",
       "    </tr>\n",
       "    <tr>\n",
       "      <th>政治面貌</th>\n",
       "      <th></th>\n",
       "      <th></th>\n",
       "      <th></th>\n",
       "      <th></th>\n",
       "      <th></th>\n",
       "    </tr>\n",
       "  </thead>\n",
       "  <tbody>\n",
       "    <tr>\n",
       "      <th>团员</th>\n",
       "      <td>0.024096</td>\n",
       "      <td>0.076305</td>\n",
       "      <td>0.200803</td>\n",
       "      <td>0.465863</td>\n",
       "      <td>0.767068</td>\n",
       "    </tr>\n",
       "    <tr>\n",
       "      <th>党员</th>\n",
       "      <td>0.004016</td>\n",
       "      <td>0.028112</td>\n",
       "      <td>0.044177</td>\n",
       "      <td>0.032129</td>\n",
       "      <td>0.108434</td>\n",
       "    </tr>\n",
       "    <tr>\n",
       "      <th>群众</th>\n",
       "      <td>0.000000</td>\n",
       "      <td>0.012048</td>\n",
       "      <td>0.048193</td>\n",
       "      <td>0.044177</td>\n",
       "      <td>0.104418</td>\n",
       "    </tr>\n",
       "    <tr>\n",
       "      <th>其他</th>\n",
       "      <td>0.000000</td>\n",
       "      <td>0.008032</td>\n",
       "      <td>0.004016</td>\n",
       "      <td>0.008032</td>\n",
       "      <td>0.020080</td>\n",
       "    </tr>\n",
       "    <tr>\n",
       "      <th>All</th>\n",
       "      <td>0.028112</td>\n",
       "      <td>0.124498</td>\n",
       "      <td>0.297189</td>\n",
       "      <td>0.550201</td>\n",
       "      <td>1.000000</td>\n",
       "    </tr>\n",
       "  </tbody>\n",
       "</table>\n",
       "</div>"
      ],
      "text/plain": [
       "世博会        没感觉        一般       比较好      感到自豪       All\n",
       "政治面貌                                                  \n",
       "团员    0.024096  0.076305  0.200803  0.465863  0.767068\n",
       "党员    0.004016  0.028112  0.044177  0.032129  0.108434\n",
       "群众    0.000000  0.012048  0.048193  0.044177  0.104418\n",
       "其他    0.000000  0.008032  0.004016  0.008032  0.020080\n",
       "All   0.028112  0.124498  0.297189  0.550201  1.000000"
      ]
     },
     "execution_count": 3,
     "metadata": {},
     "output_type": "execute_result"
    }
   ],
   "source": [
    "# 假设我们关注的是第二年级的学生（假设年级用数字“2”表示）\n",
    "specific_grade = '大二'\n",
    "\n",
    "# 筛选出特定年级的数据\n",
    "df_specific_grade =认同数据表[认同数据表['年级'] == specific_grade]\n",
    "\n",
    "# 创建政治面貌和会打多少分的交互表\n",
    "cross_tab_specific_grade = pd.crosstab(df_specific_grade['政治面貌'], df_specific_grade['世博会'],margins=True,normalize=True)\n",
    "\n",
    "# 进行卡方检验\n",
    "chi2_grade, p_grade, dof_grade, expected_grade = stats.chi2_contingency(cross_tab_specific_grade)\n",
    "\n",
    "print(chi2_grade,p_grade)\n",
    "cross_tab_specific_grade"
   ]
  },
  {
   "cell_type": "code",
   "execution_count": 4,
   "metadata": {},
   "outputs": [
    {
     "name": "stdout",
     "output_type": "stream",
     "text": [
      "tau_y系数: 0.0355 极弱相关或无相关\n",
      "----  -  --  --  ---\n",
      "团员  6  19  50  116\n",
      "党员  1   7  11    8\n",
      "群众  0   3  12   11\n",
      "其他  0   2   1    2\n",
      "----  -  --  --  ---\n",
      "卡方值： 18.68, p值： 0.0280,自由度:9。\n",
      "拒绝虚无假设\n"
     ]
    }
   ],
   "source": [
    "mytools.两个无序类别变量的统计分析(df_specific_grade,'政治面貌','世博会')"
   ]
  },
  {
   "cell_type": "markdown",
   "metadata": {},
   "source": [
    "分析：\n",
    "从数据中可以看出，团员占比最高，其次是党员，然后是群众，最后是其他。\n",
    "团员：观测值显示出团员对世博会的态度普遍较好，尤其是在“比较好”和“感到自豪”这两个积极类别上。期望值在这些类别上也较高，但观测值显著高于期望值，表明团员群体对世博会态度更为积极。\n",
    "党员：党员的观测值在“没感觉”和“一般”这两个较为中立的态度上高于期望值，在“比较好”和“感到自豪”上低于期望值。表明党员群体对世博会态度相对中立。\n",
    "群众：群众的观测值在“没感觉”和“一般”上与期望值接近，在“比较好”上略高于期望值，在“感到自豪”上显著高于期望值。这表明群众中有一部分人对世博会持有较为积极的态度。\n",
    "其他：这个群体的人数较少，从数据上看，他们对世博会的态度没有明显倾向。\n",
    "All：可以看出大多数人选择了“比较好”或“感到自豪”这两个较为积极的态度。"
   ]
  }
 ],
 "metadata": {
  "kernelspec": {
   "display_name": "Python 3",
   "language": "python",
   "name": "python3"
  },
  "language_info": {
   "codemirror_mode": {
    "name": "ipython",
    "version": 3
   },
   "file_extension": ".py",
   "mimetype": "text/x-python",
   "name": "python",
   "nbconvert_exporter": "python",
   "pygments_lexer": "ipython3",
   "version": "3.8.10"
  }
 },
 "nbformat": 4,
 "nbformat_minor": 2
}
